208.978690 187.481482 8.894062 202.617041 127.212556 40.090127 160.731747 12.250827 150.305225 199.120669 198.630733 53.215551 7.938717 180.222464 34.047701 7.282629 
201.559741 78.664842 81.552251 74.090273 108.663091 8.426044 137.112222 132.506509 45.938179 181.299173 195.495747 180.922762 180.447014 32.295988 210.298289 174.677339 
5.029105 4.443986 162.546016 132.241661 44.534113 108.529398 144.492488 194.839338 92.901702 128.374856 33.306524 100.840419 93.848955 67.354225 108.123048 80.660331 
146.019067 189.675298 154.750605 39.933794 198.101342 77.114461 172.440302 29.291157 43.665269 153.187685 210.213919 9.363919 185.483673 205.763843 184.041258 190.512778 
210.207829 131.838909 108.006075 39.993577 25.619942 37.750198 20.084551 118.521644 166.125054 53.391075 4.613699 45.225644 120.745300 112.736746 125.885976 52.016002 
87.663680 65.888216 91.949796 71.016658 143.002677 49.641734 100.307815 186.667946 202.829419 95.773369 196.031865 173.564727 86.788847 165.324758 149.329141 82.248311 
82.415302 42.586850 122.241888 108.035244 80.337048 142.326439 11.808523 31.713737 195.717514 16.422222 76.939382 101.714449 129.158969 202.825358 153.730451 2.074284 
53.965209 30.931883 73.090942 196.967886 80.573616 173.398757 168.887467 68.654670 54.423761 150.170967 27.471032 141.212608 100.747360 176.800173 8.712554 183.162662 
4.638658 130.954442 76.449541 84.975707 58.532517 88.258064 116.689444 39.501666 104.680286 193.628826 141.216115 19.090891 181.705819 80.198201 21.165175 20.922663 
111.130084 94.256117 3.142183 191.703700 52.906509 172.029651 45.610005 107.330269 107.452253 73.081037 33.794512 208.199613 35.132845 42.507066 176.613911 39.771504 
173.461508 38.315087 124.747210 17.245660 126.573151 26.688289 56.747326 16.505073 5.568750 197.963441 35.595963 187.274569 63.413277 56.761138 208.197232 174.543362 
151.017255 211.339415 151.498697 203.923764 168.620701 197.108702 96.505668 61.324590 55.441375 130.300180 54.775838 90.574220 172.807246 16.641384 130.345724 131.520390 
54.956471 40.344569 148.766050 181.529622 67.032859 205.513376 198.034695 72.601609 188.728452 18.882294 45.127813 37.393364 75.643432 38.576680 211.936726 11.912322 
35.167731 148.687058 1.087721 203.788432 131.047396 97.593389 50.364656 186.488771 13.145204 105.140495 62.314627 185.952450 121.781879 192.660351 102.724475 176.738350 
18.256555 36.742160 143.519607 85.289414 27.507171 126.805938 157.891022 1.487258 145.688231 203.018836 38.880623 6.583298 26.847151 36.068984 18.495621 62.014882 
184.756042 19.583341 51.054949 101.055073 117.176730 101.419605 72.795479 130.321934 206.560100 135.110106 101.526019 113.593614 113.022092 204.250494 75.583599 131.278647 