26.244289 4.354842 1.819696 53.751460 131.160779 159.710719 55.238718 62.100646 147.981190 94.119341 68.683944 174.828341 130.188325 87.179565 22.094858 100.196002 
106.762906 73.149806 201.251076 9.191271 174.569412 59.298190 139.513205 166.381147 194.408297 26.290859 65.226396 92.682024 15.792989 140.809995 9.212306 42.037278 
145.164837 11.032002 95.788739 61.577251 170.742721 151.027457 123.677897 103.975546 30.398433 192.361842 64.055522 160.586758 64.793042 86.150379 46.034396 171.555948 
159.300186 32.537107 180.747219 119.121233 91.835297 105.512060 70.754015 71.495229 131.802919 135.980411 164.177253 147.595908 62.042041 173.389559 189.633186 207.206878 
184.421561 70.673560 54.035765 140.415917 6.952653 177.713662 29.643098 37.351086 155.327139 93.698620 197.937844 5.371816 179.848999 29.223875 176.927764 124.400820 
61.760982 142.926619 28.773688 153.596279 33.690314 99.527703 10.343143 165.493233 20.759749 174.520396 98.340776 82.801791 133.161590 73.225598 75.260304 102.834786 
143.899158 129.296068 28.502339 150.851811 92.261366 58.145437 188.202897 32.840140 151.844057 171.392376 38.211956 116.944691 200.616252 0.391356 26.597147 47.628869 
143.317974 55.370835 201.225149 177.008288 154.898539 211.568292 127.753156 175.658288 171.340323 11.345568 43.711714 89.753548 84.571166 118.972018 192.588334 13.721959 
33.519722 6.342308 164.573770 125.781088 64.487745 138.028302 158.621228 1.583437 94.672313 196.833184 118.528128 80.540200 197.224539 145.125275 128.169070 125.794149 
200.496111 114.645854 88.054072 140.646285 111.465781 1.058863 101.556209 68.057739 12.404431 145.267923 157.811288 96.975597 49.491576 135.651257 110.697556 83.011298 
141.993566 60.522961 208.792386 206.481311 198.551262 152.665249 208.064748 78.475211 134.750068 111.844512 159.015411 117.226242 42.221422 72.436117 28.272026 27.969168 
187.081971 116.326098 168.615453 83.799387 117.384962 55.423297 151.857126 129.789393 200.691220 94.920050 12.016625 35.434432 15.822942 122.714180 118.445730 157.816508 
183.237141 112.489751 149.549454 167.040038 50.406635 142.865837 30.766884 185.156702 39.961984 189.782296 87.634580 82.183406 47.470048 115.906606 110.152575 19.803653 
17.484339 64.019663 103.603040 134.869300 119.442960 40.711802 49.910328 105.385816 135.631852 61.926953 140.820248 151.454794 184.641133 44.517613 94.522937 153.129909 
157.007364 29.324026 105.421583 207.413999 172.189863 136.188467 177.822337 212.151847 111.222398 50.708551 79.586889 158.692446 166.615157 189.739463 178.496099 184.099496 
39.010762 67.350775 104.220432 158.453722 108.062577 154.130760 49.091173 28.946064 1.309348 189.911421 180.400857 185.950481 19.680669 60.175429 124.332026 176.688033 
