203246.917335 113409.257532 207581.938315 214307.893909 205375.603036 174211.771889 198260.639935 142579.584686 224148.474481 202018.888892 207779.023836 200435.615996 193010.204367 174273.569621 155453.812322 184801.291920 
269568.592138 138143.464850 239642.750038 278694.603273 246377.576158 242209.523616 230461.941287 210334.548808 222401.797428 237956.872754 205658.521579 231954.500232 178897.354165 208520.611107 207106.612525 208525.423238 
199845.213791 107098.016007 180598.707017 210317.213005 167671.109572 174848.055388 164337.893691 160335.747510 148604.267172 192943.760376 144928.380788 168003.239486 151559.575244 155411.366408 175162.415420 167752.600874 
260908.097995 150374.372151 238670.760611 293059.057772 255707.899376 249362.396604 225057.687071 219335.137422 224303.354667 264540.407412 250671.272158 258483.236996 223906.308968 195218.515308 196775.802977 226907.508103 
139854.266290 70127.485641 160441.995887 160204.226834 164100.358150 169674.367955 140145.434362 150340.965588 153685.459024 154663.600860 126506.494398 165814.648748 147478.051508 154016.018800 134732.807448 147689.023197 
236376.660000 123619.811048 251071.475324 270121.041049 227831.788689 234755.781911 228466.862113 192988.409416 232641.324961 220837.531414 203069.876908 205960.819806 207967.232747 195845.229926 212665.353150 207674.397343 
162752.919668 89414.862581 178734.253853 198235.922474 159492.401097 173768.561006 149086.565063 163781.839553 160376.089806 186263.041019 157477.609935 166469.721967 177983.939652 160971.800957 161897.563988 185504.738110 
198734.063195 136722.808197 182015.664211 223701.379487 165432.933792 168896.581831 148518.524589 154718.242494 163976.614939 228571.346881 188875.652964 191482.746492 165782.773116 152605.990852 180452.507143 202301.808160 
182226.406629 108467.955198 172898.224253 182684.797707 147847.977863 135949.143261 146583.210620 137759.029435 130772.414554 182312.249225 152484.664830 141348.808699 125792.243195 137018.359554 123731.831929 118826.553591 
184766.857847 103673.159017 183531.071555 192354.538463 163950.600918 164462.915857 158559.318357 171836.376299 181518.395299 164742.199723 141720.172184 158287.899685 147959.679137 178773.750166 175848.413459 183408.325625 
197098.951182 101804.705796 148500.170922 193440.585238 178058.114508 165996.011093 155600.206018 152784.238456 149823.198224 180971.890135 157222.812915 177221.595261 138415.259443 154998.932549 159319.606764 192185.635896 
257208.145483 142712.044341 226373.732526 246231.136158 214473.622952 233779.092492 186986.745808 217952.765460 206617.358230 254055.257044 214990.190990 223028.412343 183297.602638 212249.251300 204006.902493 225766.401247 
192010.997140 102912.825011 172412.916059 220343.266994 167055.589663 190141.316597 180012.320883 167700.834242 165142.510379 214688.752338 154010.562685 182636.017184 200897.969341 169709.214064 172708.646437 191238.878459 
227452.911299 136209.440679 238985.334026 242126.532491 199907.552907 199703.534624 169709.231377 203026.461623 213903.806090 191496.152817 199409.796645 195097.494720 157397.796371 188934.997814 217674.051268 207006.793594 
137874.125245 85057.095699 113771.598734 146207.469966 116472.145878 106779.298644 123727.789262 88170.976551 87558.129299 176861.312090 126519.609034 129827.103690 123944.939363 108511.483583 102822.385323 127393.754629 
198425.152444 118499.887879 210938.415283 249744.487459 195950.952671 217204.209190 179690.773896 168228.856448 198215.365746 229385.506407 207153.853124 208761.302266 205909.497575 181201.138046 200501.116751 207886.558447 